0,273
0,270
3,2
3,1
3,3
10,66
10,150
10,254
10,20
10,276
10,242
10,250
10,1
10,262
10,2
10,3
11,28
11,17
11,8
11,13
11,4
11,21
11,14
11,1
11,26
11,2
11,3
9,7
9,4
9,1
9,6
9,2
9,3
8,4
8,13
8,9
8,14
8,11
8,12
8,15
8,1
8,17
8,2
8,3
12,2
12,1
12,3
20,2
20,1
20,3
19,2
19,1
19,3
18,1
18,3
14,1
14,3
13,1
13,3
2,2
2,1
2,3
53,4
53,3
53,2
53,1
53,0
51,5
51,4
51,3
51,2
51,1
51,0
49,5
49,4
49,3
49,2
49,1
49,0
48,4
48,3
48,2
48,1
48,0
47,4
47,3
47,2
47,1
47,0
46,4
46,3
46,2
46,1
46,0
44,3
44,2
44,1
44,0
0,0
54,34
54,33
54,32
